512
728
495
280
263
465
93
807
714
923
767
611
193
531
816
474
961
576
732
737
273
98
745
264
474
317
491
556
611
215
533
351
731
406
196
133
672
109
550
993
824
193
820
480
494
311
828
891
303
216
170
419
845
791
839
648
419
323
778
403
243
136
943
477
309
795
181
190
232
341
749
922
118
359
303
466
595
856
359
535
542
507
712
636
659
196
87
869
448
156
644
410
791
107
661
24
372
702
915
786
967
281
896
772
100
406
993
288
297
103
329
677
751
728
15
221
109
25
545
93
89
122
976
714
504
112
70
410
401
879
405
785
173
768
593
861
857
654
817
36
295
243
747
573
818
568
742
836
89
781
123
402
526
861
902
820
367
854
178
730
764
415
739
419
114
203
368
263
135
366
408
325
95
261
156
463
823
354
333
515
232
992
735
91
62
724
863
758
634
61
921
296
412
110
14
984
21
705
211
801
260
446
781
675
935
932
188
499
661
519
845
584
442
443
917
903
818
936
914
234
993
23
236
404
187
867
172
144
935
491
740
907
985
207
960
135
25
521
475
585
350
207
109
277
822
942
667
336
338
129
583
943
174
513
378
566
815
767
471
627
96
496
570
837
342
833
281
887
74
84
274
305
256
433
269
816
750
88
147
797
750
37
247
484
407
102
140
206
609
993
175
225
712
449
174
222
323
683
161
412
533
932
536
227
172
854
246
867
336
738
444
214
302
879
593
523
357
148
168
500
1
442
627
635
31
102
23
448
200
222
791
790
353
938
678
135
473
533
807
317
661
539
111
659
129
437
85
787
728
731
576
73
78
114
251
543
36
230
213
346
436
625
676
934
221
229
506
726
121
942
496
494
845
396
91
724
489
208
268
140
728
492
636
763
978
184
479
79
680
634
536
965
312
173
630
354
331
422
758
982
498
195
401
486
440
236
792
913
452
791
228
974
997
863
83
628
27
700
824
361
652
369
481
799
996
554
783
628
73
692
866
32
574
274
227
517
805
781
246
482
515
195
368
817
214
995
277
402
602
352
109
647
677
284
463
97
776
863
39
698
647
8
956
757
435
875
149
107
733
236
950
368
757
603
861
493
565
369
578
342
503
769
702
23
686
250
291
19
60
836
612
806
687
826
550
716
57
263
960
144
57
139
863
489
148
304
501
194
664
952
971
849
882
458
516
411
110
164
3
942
839
851
568
558
96
625
96
452
2
414
227
580
574
746
569
446
6
529
551
944
936
737
134
74
475
560
542
330
116
178
801
992
530
689
210
628
281
909
40
959
484
943
598
736
823
104
117
360
772
615
659
63
4
507
678
384
673
398
548
827
377
235
277
211
365
545
459
55
851
743
152
212
537
571
729
226
843
54
946
493
774
842
714
8
766
303
904
829
221
626
382
856
301
303
21
389
464
249
474
407
454
679
735
866
383
961
357
267
177
923
728
95
924
361
219
297
316
725
510
672
751
148
669
432
800
839
251
1000
67
41
31
924
938
61
950
795
527
418
65
908
570
600
760
396
22
197
919
284
23
92
423
161
711
670
880
403
753
395
879
730
765
266
915
70
190
719
652
854
896
885
677
563
806
229
337
310
219
85
172
919
527
284
964
760
204
373
496
449
546
707
743
253
808
980
756
517
531
48
929
347
540
947
330
946
637
209
843
732
556
866
580
220
132
671
148
845
456
11
844
314
65
605
381
688
490
342
197
929
322
694
957
258
321
364
775
367
319
501
431
6
425
787
126
569
950
714
151
312
809
48
260
646
167
180
256
835
68
688
723
338
889
97
913
859
528
767
236
740
843
320
875
692
338
737
267
648
60
64
613
969
192
588
928
622
980
238
225
14
310
460
832
376
832
723
900
799
801
196
786
272
170
139
418
566
695
780
842
272
47
695
567
608
421
838
41
16
600
451
375
457
943
575
635
740
953
753
647
244
132
332
807
307
300
221
921
84
711
851
163
785
463
839
740
6
432
718
174
437
626
444
418
380
512
756
484
724
322
470
112
275
865
263
998
252
201
855
18
454
260
295
927
666
132
521
789
849
280
485
607
94
627
633
298
447
450
201
348
457
981
639
417
724
767
253
292
581
809
120
428
332
332
95
69
693
78
253
64
578
142
339
237
25
211
993
120
538
771
982
434
900
8
287
610
640
423
900
11
133
100
817
104
822
40
644
373
777
132
106
79
546
547
119
271
336
954
453
915
749
915
276
798
611
916
764
202
981
305
751
482
580
249
74
692
244
79
973
399
359
559
409
274
391
141
538
925
497
400
37
876
160
140
203
41
216
256
374
560
461
237
988
114
427
705
738
466
135
35
291
556
245
127
281
551
899
924
251
264
46
365
487
657
996
589
58
842
938
782
518
55
7
699
435
89
240
884
754
162
245
610
909
491
76
876
563
672
69
322
19
895
350
400
878
76
767
757
474
121
832
516
316
212
458
986
326
673
188
474
17
442
543
629
84
468
92
814
422
164
652
573
9
970
912
26
232
877
131
565
258
183
556
219
679
721
176
52
530
674
807
130
752
900
678
268
176
760
829
684
283
180
82
38
566
954
998
571
134
266
262
213
859
570
61
155
544
966
200
431
562
211
930
246
902
56
513
591
720
718
960
504
594
799
774
965
906
86
7
27
727
309
250
324
669
909
435
556
870
257
18
315
875
948
219
252
740
356
431
14
893
7
451
488
826
333
56
954
652
990
171
657
876
838
165
876
647
133
830
389
642
836
870
482
264
861
708
245
258
178
194
304
46
65
872
893
476
951
776
725
68
994
786
999
4
307
297
731
465
492
462
664
867
870
908
827
463
471
491
129
775
825
81
654
868
414
621
407
295
819
694
117
596
43
748
555
256
102
149
570
668
241
915
587
578
456
36
901
80
609
266
775
332
298
819
304
526
118
700
293
596
964
322
859
777
392
553
30
103
302
137
265
208
253
605
103
63
384
606
841
900
419
560
561
296
756
586
150
989
551
940
713
946
175
620
495
334
306
994
704
274
684
965
968
676
174
13
196
169
840
418
367
811
357
964
61
755
55
5
440
473
635
5
401
402
334
228
225
625
895
229
288
521
415
481
23
73
430
985
281
233
8
256
159
876
656
440
660
359
212
452
309
529
833
622
526
347
320
539
369
186
817
19
1000
619
127
285
357
38
293
666
816
614
159
585
408
336
627
243
942
778
705
751
247
118
458
889
528
422
405
391
598
890
504
421
558
601
612
657
251
852
577
337
991
233
565
619
500
534
359
533
226
172
641
406
860
375
829
733
350
523
326
841
706
89
466
89
187
290
359
861
409
739
412
804
199
497
658
487
169
223
19
230
106
30
353
674
877
541
114
914
138
337
442
626
835
470
529
281
543
535
247
377
815
258
934
13
872
607
31
70
968
331
87
390
908
792
339
257
377
799
721
488
306
809
345
232
18
130
61
83
858
975
389
366
645
913
661
738
409
19
971
694
409
889
587
133
161
993
22
540
562
206
675
183
775
674
20
829
175
340
972
649
27
203
287
738
426
82
587
285
716
980
462
137
284
873
320
179
201
890
754
892
286
457
543
720
665
693
682
568
41
245
256
498
756
674
143
318
271
778
552
861
199
762
881
158
808
364
933
545
796
298
584
431
222
425
438
721
136
113
403
48
241
396
448
445
947
565
317
451
948
732
474
737
467
127
67
196
782
618
851
149
754
290
719
423
930
622
14
875
315
279
256
87
56
754
861
212
9
76
631
391
577
238
515
251
400
160
20
677
894
298
808
208
850
961
527
882
90
199
241
703
299
719
704
948
812
919
654
510
854
198
303
612
862
768
450
106
614
440
436
8
184
941
622
3
365
664
377
506
502
949
399
555
993
56
371
879
493
362
531
723
361
180
781
569
698
739
64
70
996
565
172
741
812
491
885
180
547
79
260
974
85
839
78
617
962
403
881
576
205
500
973
531
916
61
367
933
31
903
988
511
868
927
779
948
825
66
731
989
148
605
328
949
344
710
648
439
585
895
715
951
938
620
306
678
405
906
367
290
459
419
94
629
820
175
970
149
89
125
378
740
192
434
733
241
439
809
325
871
437
693
816
364
734
419
868
44
453
35
708
743
935
391
406
457
717
981
152
312
658
66
354
43
902
16
20
177
882
25
331
128
597
516
57
391
287
232
843
574
652
791
783
76
531
29
885
89
623
40
661
853
405
698
961
177
7
124
125
533
305
190
972
489
650
37
236
824
718
804
190
274
865
310
679
521
438
946
410
526
105
608
761
709
554
700
585
950
739
489
982
533
459
703
863
68
148
23
84
672
890
286
181
289
694
985
340
62
433
169
333
528
237
895
413
190
984
161
385
2
834
397
153
849
450
445
397
344
683
963
254
389
165
935
168
292
473
232
478
595
485
128
623
224
57
203
968
897
697
808
834
341
228
928
429
905
268
631
45
93
279
905
100
416
181
183
512
321
43
26
430
536
376
359
719
340
878
324
242
343
43
778
251
39
128
651
458
573
258
654
823
459
231
152
365
874
467
405
420
250
212
296
995
445
474
575
213
902
748
539
444
22
959
614
964
768
712
926
657
638
651
313
59
418
573
33
257
97
439
546
108
549
292
297
598
635
109
432
938
837
914
991
13
880
805
733
613
32
962
368
297
170
497
49
394
10
607
899
913
407
97
493
409
988
866
542
661
400
888
385
805
64
434
9
781
843
292
727
151
399
759
153
115
154
34
173
475
875
69
127
396
802
864
775
394
470
720
103
234
414
74
139
270
945
562
249
277
521
718
59
73
805
790
179
773
791
551
942
335
486
505
116
162
36
214
328
983
194
372
3
829
403
52
965
334
831
59
622
188
505
33
602
956
18
481
668
865
495
760
716
476
145
890
291
131
540
273
959
640
730
383
826
116
9
558
848
844
210
421
297
666
67
774
403
918
103
222
332
911
900
189
798
20
525
239
868
688
962
522
652
374
941
281
718
233
86
215
875
656
402
648
1
487
998
901
615
857
258
910
676
357
620
254
365
863
595
537
782
72
398
97
800
272
59
329
772
939
940
1
311
706
559
708
719
428
236
422
565
749
517
945
459
581
417
26
464
443
921
504
298
988
696
181
131
199
916
529
183
459
626
242
292
475
433
608
691
889
236
232
222
648
438
695
467
886
802
626
856
50
673
132
935
603
616
384
852
330
872
383
92
944
879
923
129
754
304
789
716
732
598
885
962
852
255
800
41
273
39
598
404
980
314
380
238
941
670
664
508
921
423
900
974
474
885
844
775
880
124
731
314
215
211
515
800
272
959
867
247
901
768
70
613
607
675
946
6
26
50
334
818
4
130
56
555
58
579
997
53
267
605
114
102
825
105
611
624
597
909
242
709
626
149
290
931
853
958
796
832
507
164
594
143
156
919
330
819
631
577
654
732
341
363
425
648
442
65
316
36
826
835
307
307
464
790
393
141
717
354
867
331
263
404
995
19
800
247
940
312
57
711
278
451
374
775
50
79
107
555
360
737
271
992
110
479
896
515
869
508
208
495
831
145
567
611
979
317
368
707
372
831
896
29
150
491
181
119
715
316
859
560
125
74
253
4
277
620
25
828
556
863
181
773
863
167
385
71
568
389
141
953
547
666
101
795
670
308
122
741
581
999
362
438
45
565
706
559
863
448
188
217
719
983
268
716
413
319
615
290
443
924
174
475
193
201
855
722
662
229
869
279
544
326
209
71
742
602
113
481
195
707
880
922
901
283
181
380
359
849
545
754
868
18
835
127
238
772
734
736
998
758
407
279
772
292
455
785
192
522
959
354
570
631
525
792
840
820
177
493
622
188
229
865
227
943
37
63
113
274
11
214
437
505
494
812
168
607
548
126
189
997
350
666
324
777
475
497
854
57
287
775
322
865
45
309
792
841
771
34
756
627
349
285
396
19
741
85
373
544
401
316
948
410
397
970
457
660
779
854
384
99
392
851
387
896
905
152
954
267
573
391
301
776
413
755
107
727
761
836
531
398
85
101
268
481
292
880
544
885
876
896
990
458
914
407
408
88
575
977
690
411
756
552
693
921
489
882
922
458
788
704
986
954
368
368
838
876
772
381
363
783
438
869
352
285
55
196
787
505
521
48
632
641
247
532
75
53
563
672
617
455
525
89
122
323
411
757
698
897
884
754
656
472
530
7
270
373
863
339
122
4
902
613
228
198
214
179
561
421
314
47
15
596
61
63
59
106
605
124
775
488
220
413
208
864
143
989
663
689
160
786
518
929
807
368
117
730
673
941
69
64
47
910
830
633
491
690
652
926
734
237
583
466
453
840
539
360
733
175
36
74
84
555
582
951
715
689
221
524
417
562
721
47
833
148
428
264
223
706
726
200
510
152
288
126
262
578
368
152
148
444
781
543
83
260
892
231
106
240
650
509
317
154
139
921
600
331
994
54
977
375
377
600
110
301
643
565
943
770
457
223
933
822
946
985
379
119
294
184
316
829
101
556
790
662
915
799
973
10
368
982
786
561
437
821
101
404
288
591
33
930
532
278
559
852
395
696
46
411
606
787
682
248
390
874
562
628
915
817
39
649
973
661
457
497
474
584
747
93
215
651
915
865
826
116
195
758
111
611
163
248
146
40
627
737
685
383
371
893
738
366
278
1000
354
350
646
941
791
400
9
217
536
298
517
983
539
490
400
212
736
75
659
110
970
198
111
521
809
338
337
666
487
863
98
959
712
479
786
790
965
38
6
606
250
563
79
756
143
480
198
406
492
839
5
773
640
773
951
270
404
940
586
753
467
747
372
407
829
120
852
5
772
289
19
774
942
47
386
792
845
421
773
909
956
528
217
381
683
606
658
642
764
28
792
492
254
19
131
438
609
218
900
377
28
970
558
983
852
294
765
995
822
137
774
575
127
709
87
142
898
489
208
435
306
314
707
353
928
630
567
133
310
893
299
65
981
921
761
411
36
487
625
869
522
549
472
173
55
287
24
864
54
309
434
739
797
688
625
642
536
629
337
716
611
672
656
759
686
5
996
984
742
450
149
982
129
529
603
456
978
109
211
187
191
675
935
320
591
444
156
958
631
783
256
700
7
188
731
282
633
878
253
312
729
417
369
38
795
508
832
622
185
664
377
583
548
219
167
628
230
214
219
804
502
653
836
739
347
248
525
521
348
685
526
986
487
489
557
502
712
943
982
857
388
312
560
125
639
668
51
398
75
879
743
214
939
359
982
11
671
837
581
966
328
130
894
813
550
484
370
508
503
314
109
23
115
124
115
947
710
166
202
974
606
119
503
819
702
972
829
602
298
42
59
936
572
405
206
283
343
786
703
721
833
588
894
202
550
741
703
786
746
954
628
524
423
93
355
83
825
125
905
354
742
360
359
47
50
492
701
867
641
491
532
174
334
829
944
456
460
746
998
443
3
296
801
823
14
529
627
606
74
9
667
18
561
695
498
819
1000
402
779
485
878
798
146
425
142
286
99
67
270
132
287
853
169
175
586
938
218
637
32
748
187
769
34
866
508
358
731
68
631
397
304
273
300
83
608
708
897
535
592
458
756
762
634
247
972
904
310
842
228
190
57
238
170
109
86
82
383
534
163
442
423
69
301
351
44
131
830
14
670
175
582
109
278
909
647
691
107
282
462
496
124
447
967
170
231
292
296
833
642
582
441
958
824
964
721
520
902
830
733
470
110
831
925
644
620
485
15
616
311
670
457
308
338
766
641
169
388
534
902
737
93
735
525
926
250
183
981
794
714
11
84
38
65
382
637
903
381
577
202
750
752
916
175
670
958
379
431
227
855
612
235
161
199
632
919
259
692
857
119
638
744
379
659
205
351
965
431
478
819
378
518
420
102
891
120
655
119
463
841
937
818
326
852
850
705
90
672
470
39
135
641
37
839
45
82
131
824
44
946
641
540
791
517
92
73
27
29
317
151
602
848
953
267
267
475
602
315
29
679
901
987
428
979
117
968
762
522
736
307
802
983
112
505
289
134
221
40
477
797
161
196
715
43
765
627
748
287
130
317
544
76
730
432
934
491
991
755
689
690
844
362
983
572
364
329
823
778
935
956
721
712
908
519
435
258
691
593
640
328
594
583
603
616
195
542
877
467
988
872
396
843
807
51
588
372
779
446
682
471
891
438
494
63
261
40
497
942
189
367
608
407
139
640
888
58
906
452
738
123
651
183
320
315
346
943
409
732
262
174
329
15
111
907
21
761
67
262
582
317
474
347
804
955
891
137
876
10
302
572
21
601
739
367
79
989
243
574
957
934
862
258
869
290
684
990
86
414
232
42
705
922
666
206
635
332
123
306
298
88
887
44
21
975
926
225
161
54
651
215
609
953
145
954
582
183
66
814
264
94
267
661
595
66
180
352
605
363
396
35
215
757
765
213
59
13
171
445
461
480
18
411
925
925
593
710
83
198
778
10
83
730
740
213
852
679
266
697
940
263
413
28
102
488
639
462
478
873
810
67
284
82
929
211
24
451
436
326
701
79
402
179
168
250
362
914
947
928
539
121
885
712
629
180
837
138
279
913
343
717
235
19
341
452
494
325
818
753
588
185
403
187
660
193
631
740
599
638
297
598
911
775
715
551
718
437
708
498
52
652
581
792
214
580
449
727
963
41
476
522
944
864
262
889
566
124
607
682
826
839
189
712
430
12
259
547
263
397
877
280
391
272
305
115
499
152
368
658
647
617
190
139
616
219
525
633
506
851
25
787
708
95
320
374
441
224
72
164
368
245
677
204
94
869
723
556
362
485
497
701
921
275
407
614
628
298
617
411
391
920
836
928
283
868
25
536
886
771
264
795
817
821
319
999
26
507
530
221
683
220
109
464
299
745
368
954
756
197
298
528
805
681
713
135
112
207
281
391
774
749
971
222
610
316
184
544
883
290
447
606
398
349
651
564
588
25
104
792
760
435
39
600
91
687
424
138
435
47
7
978
249
757
819
696
195
276
299
424
730
753
217
670
356
751
444
929
428
548
136
223
312
118
185
249
963
994
224
361
476
446
460
113
752
901
757
158
236
131
558
605
925
705
609
533
851
892
751
261
595
321
775
503
300
468
719
717
964
929
625
386
908
578
608
693
553
483
692
178
149
666
33
833
430
690
950
243
700
890
941
882
161
250
358
816
596
366
266
19
238
254
469
727
849
204
986
389
294
80
389
323
262
785
437
628
35
756
753
777
864
218
789
887
262
45
477
43
288
739
393
484
761
767
545
592
173
508
611
721
677
771
803
785
119
279
890
356
670
687
162
806
285
700
480
381
170
155
283
223
145
709
5
982
805
5
744
347
662
490
370
218
472
606
980
221
481
526
151
931
253
2
272
930
661
279
606
850
989
764
649
860
917
210
717
699
779
240
439
290
86
37
256
487
350
135
920
910
858
556
621
40
378
727
203
910
599
557
398
24
351
256
774
83
805
299
482
363
153
712
497
181
428
391
972
680
975
415
720
900
140
218
875
220
164
852
405
200
154
180
193
479
793
822
347
19
994
920
964
13
1000
700
876
170
120
214
327
262
450
702
964
96
269
16
594
782
99
874
275
187
672
989
806
334
145
856
847
652
346
137
162
769
689
918
256
107
577
451
305
239
641
524
491
865
567
573
401
350
503
329
544
412
872
640
390
253
608
252
11
199
943
598
789
527
490
652
110
767
897
470
529
470
11
681
934
735
640
99
793
861
528
648
194
885
226
677
272
444
679
179
367
35
616
606
892
728
437
87
702
623
159
990
264
48
624
404
716
699
474
456
674
25
158
840
465
773
654
227
421
964
452
469
698
232
341
818
696
891
696
982
15
770
891
621
181
151
376
966
518
140
108
93
355
405
441
882
158
173
60
612
213
875
393
297
349
255
613
474
600
848
269
531
362
304
837
553
361
34
764
839
275
370
958
346
253
334
329
948
329
108
796
198
895
324
493
737
615
799
610
6
109
440
987
196
542
713
958
99
987
729
578
767
484
934
960
903
495
462
534
790
521
298
662
474
659
996
648
435
889
184
723
894
903
353
977
947
916
182
660
227
956
581
979
998
129
230
730
108
546
980
905
58
606
623
443
583
35
893
513
704
50
194
560
273
533
822
273
950
332
286
568
721
268
245
727
979
985
661
100
352
581
928
352
206
714
660
833
791
260
558
650
896
3
310
177
865
496
620
202
877
429
65
522
20
330
922
111
200
853
248
118
452
881
819
620
196
227
912
817
408
449
616
682
867
443
635
614
44
623
605
924
442
104
256
579
917
958
354
321
579
556
481
48
344
366
316
822
650
321
275
524
940
583
234
529
440
323
506
360
771
459
408
199
555
44
986
241
324
609
135
847
844
943
7
602
780
667
555
596
768
429
646
832
241
593
588
247
409
619
417
349
893
651
974
619
98
961
79
462
505
379
97
775
925
117
938
709
168
984
521
720
184
774
544
303
983
509
238
492
604
98
562
502
380
24
557
376
757
825
288
712
612
771
454
259
21
975
243
511
267
462
509
801
569
373
185
247
32
76
985
681
826
17
757
420
550
273
496
958
421
394
292
609
917
466
896
50
531
668
425
601
494
885
359
510
794
194
714
890
67
373
476
364
610
191
48
221
844
503
596
990
713
452
699
752
275
248
494
500
128
909
308
556
313
445
920
353
772
300
970
439
655
888
136
462
766
925
181
171
54
994
819
390
763
272
814
957
199
308
793
792
220
130
717
398
380
972
422
201
79
244
185
318
717
287
699
656
300
850
524
284
396
129
132
447
969
685
332
255
553
14
720
176
719
90
635
601
399
941
108
758
635
369
823
167
293
103
215
760
261
551
907
258
134
469
279
746
164
317
181
128
553
839
443
267
273
38
742
852
729
230
295
256
23
276
741
73
78
819
812
191
129
708
324
539
955
213
389
5
220
741
681
39
71
199
746
209
497
13
111
822
852
359
545
599
101
589
722
342
818
481
88
894
192
720
231
257
364
970
61
242
977
631
849
364
26
381
654
818
280
312
277
633
598
258
569
219
459
723
247
726
679
617
797
180
170
11
474
755
753
987
743
72
779
379
860
999
299
82
38
439
478
255
936
84
920
492
320
380
194
118
491
191
414
860
931
728
590
567
599
825
170
153
196
942
473
705
355
753
818
637
315
478
987
185
480
263
658
807
60
483
369
935
254
458
431
482
792
516
645
393
77
779
711
764
955
902
108
48
597
184
399
791
212
16
135
774
462
866
467
51
135
222
322
430
800
391
954
698
302
583
104
220
77
305
895
291
636
63
772
640
850
533
978
160
1
125
753
111
361
877
429
248
665
126
587
346
858
606
863
829
84
873
396
334
158
611
828
543
631
905
521
274
2
24
610
303
498
782
714
916
890
728
206
61
80
92
510
452
779
168
389
370
147
858
996
815
344
353
732
271
413
436
147
694
406
562
705
652
832
257
90
860
616
531
119
562
126
78
865
540
611
355
885
690
274
610
111
464
819
635
488
868
765
336
945
739
805
33
789
49
978
424
689
408
339
382
768
464
859
878
701
192
99
665
823
333
561
569
916
177
464
778
23
365
248
277
948
970
175
543
279
203
152
753
591
815
19
362
480
887
877
882
33
483
146
40
259
482
648
471
860
801
86
84
459
971
733
835
692
738
885
410
942
5
651
14
844
594
777
693
633
822
326
548
151
275
352
642
441
961
488
652
127
513
653
538
962
229
404
650
449
420
998
868
668
981
81
110
999
281
196
889
721
206
430
699
77
225
246
614
664
235
576
280
637
208
830
341
357
164
757
194
995
183
970
436
695
299
365
241
345
435
788
604
129
310
955
223
804
476
747
11
114
712
720
124
45
111
208
675
356
904
833
772
537
684
490
9
152
304
428
206
674
640
458
16
361
119
447
607
828
733
775
875
93
135
809
14
513
933
539
638
487
448
983
286
629
139
404
5
287
211
584
407
514
274
341
979
272
720
297
637
917
955
107
997
794
193
738
152
935
411
40
612
934
509
103
474
717
251
491
55
700
878
616
307
128
198
965
31
72
378
674
1000
270
591
750
313
992
446
251
32
944
841
854
359
464
134
402
134
58
516
452
703
111
102
925
202
286
839
787
995
391
229
825
912
897
184
640
511
585
861
101
520
676
6
517
158
502
316
631
204
108
456
921
245
591
21
686
525
954
107
726
838
910
352
542
189
772
999
337
959
355
582
655
542
770
946
262
737
56
918
854
146
594
844
457
425
637
483
619
466
677
474
862
282
733
164
161
16
72
92
402
545
439
858
753
396
68
31
783
272
22
981
216
794
214
787
317
435
25
440
292
122
663
133
435
958
548
792
563
871
13
774
554
301
93
345
388
905
680
114
403
155
648
417
868
811
934
339
147
452
491
251
514
885
392
372
382
18
163
701
475
835
314
918
137
12
693
874
23
796
223
846
671
994
301
545
42
461
923
116
597
98
819
684
476
980
847
198
334
294
505
298
633
821
129
883
264
140
503
150
970
327
281
361
533
845
239
326
282
304
389
759
403
214
449
916
842
997
213
411
84
66
391
864
622
339
416
822
902
134
834
284
854
889
173
355
860
748
68
127
677
36
507
164
68
857
404
227
893
593
250
69
351
598
221
855
33
966
336
142
252
427
959
29
305
170
261
781
757
191
749
725
858
881
423
786
952
761
597
72
452
25
846
785
551
139
283
366
306
647
553
44
904
593
198
544
806
458
335
383
182
110
129
535
538
967
551
802
647
416
828
852
351
612
233
666
28
311
985
365
658
621
234
752
148
730
527
630
378
641
460
160
329
426
410
846
972
950
812
715
905
756
713
766
807
505
74
838
287
563
86
997
616
495
517
745
968
380
738
263
591
672
204
368
318
505
446
121
192
86
94
750
639
399
523
263
275
762
307
757
759
952
467
278
788
711
40
63
506
769
582
522
92
101
103
593
659
932
142
233
846
999
789
458
993
480
651
126
291
662
834
64
340
52
896
935
791
4
948
699
68
872
324
432
537
545
429
369
562
740
826
694
823
610
24
880
733
278
74
548
936
925
64
495
87
889
725
497
320
14
353
741
421
345
652
352
431
757
493
328
699
943
178
887
858
205
664
80
325
595
654
897
600
798
677
273
215
469
426
740
383
909
639
533
262
827
374
123
821
15
808
591
132
239
230
141
231
369
78
681
696
678
143
644
990
363
16
415
404
946
894
239
532
225
157
905
446
408
418
920
299
969
622
765
623
75
669
887
767
55
368
259
399
687
111
205
119
835
3
960
727
759
75
818
864
330
765
252
757
391
528
328
770
97
455
556
91
579
1000
734
601
814
374
488
217
534
548
870
13
727
756
437
255
491
799
638
322
888
285
220
443
296
871
107
449
713
563
153
153
862
383
929
413
725
210
525
326
115
264
564
543
613
900
701
380
248
787
267
91
235
582
249
145
91
968
656
328
959
401
238
352
950
562
361
964
774
954
557
598
238
489
162
893
974
795
329
30
813
343
680
201
931
488
37
198
961
691
247
16
581
2
587
160
618
937
94
557
472
655
790
834
464
736
870
256
818
536
457
758
186
426
726
998
744
802
301
867
536
800
562
592
386
62
927
746
626
259
63
40
698
169
224
761
263
244
608
671
522
725
244
43
815
582
965
602
667
830
556
110
201
406
222
752
782
549
83
668
646
634
612
573
934
16
116
36
628
535
865
723
756
696
339
62
132
241
524
444
594
914
799
513
21
743
422
968
777
167
831
953
566
284
727
861
187
524
746
241
464
15
377
770
97
290
717
686
786
188
243
268
487
63
593
428
738
929
832
561
675
891
274
550
259
322
565
687
369
988
417
658
425
749
447
790
882
83
75
411
335
327
835
130
904
93
752
293
386
901
692
322
916
899
236
805
811
211
393
612
688
674
226
727
81
385
556
231
582
387
900
733
92
681
652
862
471
788
116
550
139
251
723
428
236
637
639
293
759
537
649
43
953
116
756
582
982
155
359
691
500
481
473
773
585
164
453
145
411
899
550
263
927
458
749
62
739
522
352
982
320
234
181
860
34
355
384
753
434
250
849
476
6
455
329
346
791
502
407
667
779
451
942
494
356
52
465
256
57
473
578
537
228
895
710
95
940
630
277
767
883
376
729
273
299
827
30
732
132
616
321
194
465
204
203
397
20
519
280
282
495
916
234
781
133
696
132
21
439
455
860
9
531
195
808
779
715
390
925
68
18
706
644
808
724
422
270
891
958
628
705
797
115
241
571
770
665
933
214
757
204
308
45
94
25
652
70
769
117
672
88
257
71
395
231
132
572
569
102
521
426
803
661
928
119
114
555
417
674
790
133
663
969
710
839
798
229
883
138
563
971
936
687
59
829
429
347
335
465
917
684
294
128
588
475
187
1
165
250
633
454
34
472
484
304
381
739
58
455
607
277
793
108
184
609
699
579
134
128
664
851
169
23
842
520
646
116
559
627
762
905
954
519
90
224
971
839
777
728
504
231
898
390
636
425
686
535
328
825
495
117
143
314
302
152
798
970
995
960
179
691
547
864
612
828
966
484
420
344
393
887
235
837
482
326
811
880
915
169
26
286
312
35
876
270
260
359
184
598
537
254
887
955
126
190
304
93
558
293
976
882
159
247
968
929
672
36
119
802
383
6
801
828
809
473
744
199
27
723
954
668
761
422
908
778
613
276
350
938
346
795
558
116
41
401
889
451
900
649
671
351
569
262
590
370
26
664
474
182
18
349
756
500
42
529
472
352
622
1
300
203
1
845
630
544
976
732
109
28
486
396
355
984
923
250
256
976
658
15
802
897
691
364
397
559
878
279
894
236
202
502
332
480
709
403
504
261
636
113
132
498
869
455
371
827
163
234
360
695
754
807
313
858
236
153
381
523
883
552
27
520
976
243
621
41
380
71
733
427
733
440
695
150
74
639
232
1
746
37
853
789
482
496
830
871
46
659
140
57
27
98
273
659
770
175
967
374
439
854
252
34
642
168
925
257
13
638
993
763
632
276
919
971
362
641
329
882
553
547
267
42
396
312
343
709
142
506
99
648
501
707
470
210
548
242
414
1
950
852
22
200
517
286
366
937
570
514
491
897
925
41
817
268
966
760
30
23
389
5
208
317
536
148
178
611
603
861
915
624
805
480
767
231
296
500
3
296
329
724
379
758
297
388
6
49
67
882
900
87
79
464
647
982
862
409
408
494
463
322
339
973
82
971
685
842
443
534
725
174
824
823
65
904
542
860
211
376
378
64
836
686
284
162
462
228
152
827
272
481
984
640
294
415
404
341
312
152
324
867
196
612
519
234
166
606
341
987
270
457
466
23
259
436
739
940
863
85
734
450
195
493
829
88
853
1000
516
317
726
809
884
932
937
403
302
790
913
202
267
550
954
715
252
426
907
90
758
126
986
571
288
893
912
51
96
266
711
527
282
731
89
365
266
720
467
18
413
731
546
627
475
432
420
24
312
806
595
694
619
607
661
380
614
485
167
505
151
261
28
476
918
592
336
363
120
247
930
912
675
400
617
185
316
463
62
239
38
878
915
362
803
759
882
730
95
657
321
577
867
186
892
775
64
548
716
790
60
787
167
991
106
621
455
476
877
267
895
128
709
992
4
108
598
519
104
212
540
786
741
281
84
944
552
104
639
118
788
387
976
402
712
606
1000
787
771
700
519
29
936
747
494
604
845
710
491
79
176
938
341
351
643
467
377
696
183
823
756
767
656
499
722
412
32
861
78
234
750
121
570
653
288
528
378
883
430
847
476
886
641
468
242
241
484
117
596
625
426
508
343
830
504
606
195
162
212
4
412
937
191
140
630
834
823
192
998
869
599
494
279
949
971
578
643
288
335
745
323
940
79
951
216
52
525
948
722
556
878
571
193
745
134
683
731
60
37
369
885
241
201
461
133
531
566
724
527
891
812
230
111
640
873
393
79
817
758
902
905
449
973
10
735
450
3
47
480
77
891
676
382
856
932
923
6
385
291
882
768
930
308
52
16
750
693
824
219
148
787
442
846
793
674
753
700
946
463
129
382
651
736
409
720
673
494
352
602
591
865
940
588
623
293
219
597
14
661
149
46
245
741
306
850
30
619
912
873
76
489
887
285
574
388
617
252
829
209
588
128
484
241
234
868
127
786
643
152
271
520
257
854
182
59
900
261
389
307
583
926
782
905
347
701
431
592
794
450
868
404
303
529
424
298
388
535
709
112
764
943
82
478
482
292
204
493
930
391
825
695
78
882
185
312
667
414
61
483
118
906
973
951
233
718
28
844
635
943
575
145
158
43
566
904
146
895
666
572
930
287
384
209
926
119
44
853
73
711
561
661
748
564
200
339
482
412
704
79
261
794
37
68
465
420
332
861
248
785
629
903
38
502
602
128
333
667
760
984
852
82
587
655
595
255
318
63
451
998
115
204
699
145
352
609
390
386
779
341
539
200
496
406
453
93
40
732
725
143
908
473
892
821
50
920
949
397
663
164
906
667
718
274
366
940
648
577
3
148
868
496
453
37
841
546
743
314
282
926
276
283
937
401
449
657
119
72
385
60
282
528
680
42
761
345
660
475
460
323
977
491
743
175
869
776
648
561
772
229
167
845
844
710
702
623
74
821
521
191
391
669
328
821
742
556
442
330
895
934
197
975
745
631
179
921
651
17
542
310
540
568
864
17
731
402
700
844
921
587
473
750
207
999
128
251
818
73
828
372
134
84
442
510
177
824
369
671
647
480
787
886
343
865
260
667
227
453
835
775
973
889
751
916
217
948
187
104
774
729
933
543
657
582
420
679
139
758
368
56
617
772
286
235
77
626
36
177
67
312
650
208
47
472
618
322
93
66
577
214
304
396
566
307
655
972
530
546
630
929
953
172
73
86
888
844
238
321
895
630
971
315
866
247
557
280
130
455
187
490
81
725
170
449
94
593
74
614
509
488
481
32
923
971
207
503
545
513
618
462
566
799
339
686
538
773
752
297
600
803
531
708
356
323
499
1
606
256
305
524
37
424
126
500
639
406
427
452
615
51
377
531
801
854
787
697
971
745
712
939
668
478
677
96
233
10
715
132
517
81
956
837
201
586
524
805
716
820
358
488
869
649
508
207
375
426
683
811
500
436
350
661
925
593
321
918
417
329
609
962
964
243
83
275
193
519
539
387
260
486
606
50
713
740
601
513
321
308
771
309
942
892
176
120
756
347
448
21
19
137
807
43
874
918
494
212
919
541
331
886
700
906
460
697
964
834
778
602
462
218
619
359
752
475
768
780
873
940
184
374
24
369
996
966
736
138
142
841
848
823
660
981
726
674
193
806
309
757
829
970
647
575
635
249
492
625
300
769
170
501
643
65
127
201
232
61
990
168
729
545
167
538
350
858
514
150
987
409
380
109
308
9
515
720
52
387
663
556
782
255
410
781
919
70
129
193
636
390
171
431
944
758
930
944
361
899
567
316
316
426
915
336
133
686
659
391
476
764
411
30
820
141
303
764
790
485
702
146
158
218
304
279
620
798
601
608
181
992
878
854
795
592
824
896
826
170
535
323
268
797
984
422
88
69
354
595
479
453
229
707
119
153
668
993
875
874
285
874
666
299
231
371
791
533
659
556
202
366
318
340
237
718
109
581
857
181
394
345
497
79
431
301
367
930
104
548
207
546
494
935
505
179
665
940
122
527
613
701
213
679
208
803
405
647
83
738
231
822
440
14
966
283
739
894
655
95
707
848
166
494
379
758
984
263
244
488
283
903
54
186
107
792
198
159
14
56
914
365
914
143
603
67
525
105
690
72
29
926
598
958
682
518
501
856
689
920
825
943
290
412
453
715
500
48
536
88
519
841
713
15
138
730
716
358
30
705
227
659
603
440
921
869
201
1
59
51
802
486
288
394
71
392
226
536
304
134
29
662
287
177
1000
318
807
205
938
906
785
131
703
325
391
388
611
269
853
984
894
17
645
337
1000
319
306
297
663
978
799
403
206
186
976
433
704
684
121
394
150
956
542
14
342
520
707
260
325
775
981
627
253
665
64
280
890
433
355
241
689
376
329
711
155
356
385
561
161
65
576
390
792
918
269
875
311
235
158
815
46
698
145
442
793
988
741
933
909
837
26
150
411
147
606
954
219
26
66
97
578
260
572
28
559
127
918
354
114
79
23
12
247
742
121
293
578
57
491
342
266
101
879
73
571
17
638
460
534
54
19
768
572
309
806
875
940
79
890
443
737
131
344
852
727
307
365
931
7
952
426
596
425
184
922
481
553
29
802
828
493
383
460
888
934
868
572
2
910
735
263
253
729
855
296
303
239
490
853
998
728
370
490
751
409
510
844
664
150
228
304
396
280
726
285
583
561
370
231
451
6
446
870
786
589
956
351
300
94
778
705
948
423
478
762
830
266
664
851
260
258
512
418
2
566
185
910
942
525
558
280
532
19
797
992
624
451
753
117
53
397
892
561
126
785
828
853
667
533
389
297
334
20
320
14
223
584
258
895
333
537
720
741
757
998
994
355
240
91
38
730
272
972
942
974
763
313
980
736
524
538
429
284
534
613
404
798
370
589
673
321
315
718
457
240
448
319
711
441
226
462
755
462
870
970
971
246
445
213
807
452
938
400
617
134
628
460
60
304
261
326
317
946
266
827
448
536
356
845
780
640
293
620
321
881
799
32
480
594
874
565
260
409
413
496
784
845
503
554
129
206
910
331
542
979
448
497
381
148
504
928
495
562
739
28
999
924
211
589
599
755
107
858
299
311
493
458
922
403
401
598
531
167
142
931
788
381
478
71
257
502
885
17
546
566
514
94
365
357
530
330
687
143
88
220
501
231
153
477
416
7
216
401
960
523
981
711
800
791
860
998
690
549
531
280
548
692
923
332
772
245
915
502
264
856
113
186
449
71
411
233
649
537
661
947
962
138
187
278
641
64
218
365
3
377
906
677
582
427
390
428
883
789
495
74
11
276
598
165
272
800
481
967
629
857
104
859
320
244
560
264
607
274
991
437
665
370
513
958
119
245
691
174
442
483
670
574
838
165
78
508
712
755
620
175
292
815
264
634
203
905
99
327
690
940
812
118
390
512
57
598
95
833
489
307
202
961
808
553
284
570
978
672
755
334
283
840
807
403
983
479
250
249
541
377
507
565
129
951
969
155
283
395
374
327
570
434
762
149
316
587
346
683
306
288
232
3
200
43
733
901
451
171
485
540
894
654
674
103
510
121
507
411
901
405
445
312
300
340
498
809
36
974
186
448
958
397
984
129
65
583
791
733
517
197
172
570
134
351
661
721
179
755
882
65
591
942
563
122
704
913
99
68
78
871
891
25
414
375
234
840
80
285
932
843
381
686
424
731
509
988
942
35
176
86
56
427
307
107
73
6
158
752
100
118
291
393
14
486
577
845
910
167
947
533
732
87
59
869
360
552
234
572
844
877
196
753
533
178
503
31
317
964
389
794
509
215
27
210
498
423
169
231
93
672
106
198
999
306
758
691
716
319
263
671
696
295
288
37
127
63
605
863
801
677
14
150
950
519
606
250
983
340
564
671
102
514
199
176
934
554
503
432
5
458
818
343
216
553
852
161
200
656
771
14
189
39
2
341
592
950
619
466
37
261
723
938
569
989
441
693
432
337
974
315
514
455
324
433
54
364
944
918
192
903
434
682
71
932
975
527
146
564
628
602
389
354
725
915
206
153
711
154
317
373
435
437
611
168
476
816
554
422
204
348
317
42
993
323
273
682
606
739
869
481
695
889
230
772
308
192
502
199
162
298
342
600
38
301
745
979
476
850
987
336
623
290
337
451
586
954
243
67
758
185
96
653
621
120
680
417
22
465
792
381
450
650
186
400
287
588
371
178
490
991
785
235
386
297
860
33
619
311
891
77
345
250
475
400
709
110
252
106
76
839
653
324
966
229
457
143
805
314
793
580
423
416
76
925
957
560
268
60
469
689
523
690
933
654
662
338
233
396
153
872
30
594
43
180
840
73
459
108
105
438
323
369
451
557
917
664
224
912
259
403
16
641
138
561
979
60
394
452
735
609
55
729
796
345
396
6
166
246
657
863
283
328
122
329
950
941
291
458
659
57
72
232
644
278
201
330
755
5
254
20
496
102
23
143
942
189
760
616
849
605
443
120
91
225
126
772
104
281
110
997
622
642
28
850
168
665
567
85
421
201
298
460
996
19
816
793
851
789
725
500
225
30
903
343
97
9
349
146
760
152
982
416
824
187
222
89
982
729
20
362
24
231
967
482
291
295
586
39
332
522
893
672
134
656
287
908
292
967
585
963
807
83
908
602
634
621
62
149
908
351
41
449
965
87
940
400
333
354
486
992
9
635
248
982
920
644
306
711
485
332
937
103
869
161
351
125
468
280
36
831
43
203
36
314
997
402
977
125
881
181
291
982
162
17
244
645
430
177
832
560
140
903
589
742
306
731
472
768
166
603
409
997
451
748
343
141
989
752
919
400
433
480
241
248
423
964
955
940
481
232
130
783
73
193
502
656
214
161
286
299
919
743
988
112
235
939
226
562
472
280
381
267
451
283
200
550
7
179
460
749
393
41
463
84
220
586
947
222
960
378
809
166
273
187
197
705
933
55
108
194
557
611
291
133
135
644
33
792
556
238
456
783
454
859
952
456
868
105
509
878
113
263
217
33
658
136
933
134
351
865
645
867
707
704
121
774
727
342
995
398
60
663
646
586
992
734
483
569
427
950
314
898
514
559
615
549
627
126
707
664
34
392
117
95
275
696
656
494
666
711
271
473
96
307
278
534
302
204
34
545
959
194
804
920
736
195
266
40
316
636
807
552
30
453
501
604
501
898
759
197
895
880
739
103
663
973
448
603
649
594
581
486
113
317
730
650
326
426
899
819
516
19
834
189
122
656
236
876
977
192
303
923
95
696
209
57
43
99
29
833
569
27
722
946
888
206
389
390
867
765
632
414
605
802
699
566
832
864
154
301
111
703
239
472
682
103
881
856
242
533
436
865
334
876
291
459
942
390
388
742
910
516
51
266
845
386
858
205
182
965
16
25
270
129
831
13
112
231
954
162
781
228
934
937
720
544
512
475
745
805
111
209
976
470
668
101
389
578
80
297
165
873
276
103
104
110
887
848
272
302
483
697
372
80
793
354
703
685
303
961
962
490
791
55
857
979
153
793
437
827
444
26
45
521
321
342
451
157
528
274
92
796
759
787
79
392
367
253
66
515
514
29
305
965
203
680
313
652
108
964
149
988
38
480
822
104
692
1000
200
959
417
492
930
682
227
818
782
805
320
136
258
739
152
78
374
319
131
316
143
121
829
688
964
326
334
811
463
372
167
780
430
75
762
764
955
255
265
548
552
670
90
804
535
389
690
422
657
584
743
27
349
273
770
716
979
977
45
3
442
333
145
370
503
474
620
188
535
68
945
259
278
212
199
426
353
680
759
820
993
431
448
941
433
557
853
320
178
252
962
872
501
252
723
674
969
300
54
227
309
393
729
678
736
294
711
465
207
693
687
785
344
173
965
786
868
677
157
683
897
103
422
834
585
185
924
508
965
32
208
872
119
365
547
749
822
189
232
288
27
460
194
275
252
761
631
658
166
592
923
975
56
356
71
369
142
211
236
209
747
863
539
253
843
73
254
328
16
577
452
25
779
339
465
699
685
92
252
413
39
822
86
579
463
777
871
325
891
434
771
23
923
88
509
793
330
396
867
791
221
777
602
939
400
949
611
681
197
166
486
580
238
376
278
327
581
6
94
615
754
984
106
951
757
180
201
52
164
775
97
962
159
749
227
126
562
160
136
62
459
622
301
981
180
54
291
500
459
92
19
749
921
475
976
441
864
482
468
886
665
370
584
113
204
863
878
978
208
637
545
896
30
812
440
506
857
447
846
128
729
186
774
537
785
619
581
622
445
283
712
751
960
132
896
964
549
124
491
23
252
67
965
688
55
658
727
409
461
868
358
156
447
921
31
921
314
81
282
140
356
206
644
167
306
805
762
988
809
719
474
85
108
626
452
391
798
21
530
780
920
189
404
280
253
33
774
679
603
316
830
789
805
588
289
790
71
159
141
335
186
934
620
124
161
820
527
708
179
408
761
537
434
72
254
645
674
129
532
114
862
109
977
880
888
869
749
572
519
447
617
374
766
1
960
860
835
407
101
22
933
497
413
666
170
904
878
841
591
994
377
201
193
196
868
404
516
664
602
297
954
720
471
690
990
257
375
686
754
635
318
935
222
304
254
286
33
395
100
677
4
587
227
446
741
104
806
803
26
694
576
350
416
47
910
81
650
982
519
752
45
81
947
262
20
558
362
45
431
746
278
178
801
741
476
184
618
154
559
268
338
622
406
713
448
295
374
29
426
791
362
347
574
40
451
35
192
323
667
727
44
948
94
583
686
392
435
119
208
689
823
671
260
753
372
435
563
582
392
764
886
781
184
592
707
370
758
733
721
142
336
412
983
250
764
347
19
723
353
787
631
310
455
100
184
798
66
165
9
52
723
968
181
151
575
901
317
948
420
54
945
127
618
548
402
923
590
840
279
718
629
788
206
409
238
627
158
806
161
613
74
106
823
1000
584
974
905
828
475
912
222
141
855
568
839
415
419
800
878
717
67
74
903
554
62
865
421
468
581
73
871
93
478
704
541
740
487
265
622
987
295
422
339
890
258
926
106
589
659
432
555
778
799
591
895
653
759
118
643
895
